0 1 2 3 4 5 6 7 8 9 10 11 12 13 14 15 16 17 18 19 20 21 22 23 24 25 26 27 28 29 30 31 32 33 34 35 36 37 38 39 40 41 42 43 44 45 46 47 48 49 50 51 52 53 54 55 56 57 58 59 60 61 62 63 64 65 66 67 68 69 70 71 72 73 74 75 76 77 78 79 80 81 82 83 84 85 86 87 88 89 90 91 92 93 94 95 96 97 98 99
43 24 16 38 44 28 31 44 49 18 13 23 17 26 21 12 23 28 19 25 47 31 50 15 23 43 18 46 14 31 37 42 21 31 36 13 41 26 50 45 15 41 30 33 20 48 30 45 16 28 24 37 26 11 28 10 17 30 32 48 35 40 34 27 11 39 37 35 39 40 11 37 29 45 31 31 33 26 44 50 28 23 43 44 42 43 47 19 14 40 29 40 15 13 39 16 39 32 48 22
15 26 10 31 41 34 24 29 47 22 36 37 18 37 49 13 30 25 22 11 21 38 15 50 13 35 49 44 23 42 21 15 14 43 12 23 40 15 43 48 10 43 35 33 39 20 39 20 28 18 47 30 47 48 29 12 20 38 47 38 36 24 37 27 29 50 46 10 19 28 29 32 12 21 27 18 17 18 29 32 33 22 24 32 42 14 10 10 48 24 22 13 24 39 35 27 37 44 49 10

217 629 424 284 862 759 307
609 856 189 673 41 478 39 52 499 831 275 169 59 199 196 770 942 780 976 663 969 657 105 136 629 797 568 128 527 658 319 332 163
95 64 111 303 692 485 514 10 457 841 545 273 704 630 225 780 753 384
813 41 251 665 180 488 569 990 218 647 440 322 237
828 320 774 278 816 506 120 966 999 8 809 949 221 764 276 400 641 700 250 22 934 518 137 408 561 493 497 275 89 111 1 113 670 78 359 971 489 586 780 454 645 353
747 331 141 766 767 460 343 535 565 814 127 945 561 234 250 677 883 461 708 710 865 310 202 793 659 813 439 596 842 327 607 675 936 183 424 474 580 320 138 457 718 795 249 187 515
392 204 515 34 945 167 606 660 908 112 924 539 371 383 173 379 735 391 615 314 451 284 653 852 165 831 668 31 226 407 883 652 26 989
545 993 807 961 521 586 866 374 150
201 306 933 81 359 112 871 939 459 31 410 450 212 47 974 899 50 438 668 586 135 439 550 928 5 59 657 137 594 568 702 71 159 74 531 959 511 83 982 431 740 173 305 850 610 382 984
223 390 109 715 898 854 155 779 716 781 304 731 381 321 452 593 450 623 546 120 949 436 694
699 278
943 742 843 258
886 404 726 268 963 342 718 485 243 750 755 566 722 225 667 717 262 921 510 431 617 691 439 240 508
156 560 81 245 452 479 720 149 726 294 721 609 781 219 812 185 202 466 196 677 881 972 871
680 116 444 530 79 330 899 268 656 142 30 825 821 36 729 275 892 449 579 387 256 67 736 678 266 947 454 807 525 138 292 366 3 251 991 833 470 989 90 263 421 310 338 681 27 55 487 759
167 419 771 593 473 991 988 22 291 531 479 978 578 565 596 507 724 608 4 725 290 207 970 423 133 744 180 94 658 842 96 580 491 342 896 977 666 543 343 109 162 747 494 617 294 796 545 183 490 165
347 636 423 824 643 359 163 717 295 681 751 503 430 429 756 449 500 135 467 386 494 885 79 784 307 883 707 590 596
574 973 758 340 634 792 441 512 507 493 283 362 28 546 216 418 992 400 338 420 645 986 569 353 264 945 781 392 864 738 990 534 877 367 352 850 10 97 987 321 454 509 341
151 188 904 407 984 184 947 13 968 504 371 950 706 668 146 963 281 818
941 550 361 954 654 524 633 370 519 59 104 100 32 993 144 573 255 603 527 772 435 379 561 901 20 165 770 95 284 566 132 160 215 230 729 252 386 928 455 750 958 675 2 851 931 398 281
670
677 548 268 410 724 238 500 905 53 496 784 890 349 12 140 728 216 41 126 810 418 820 138 225 992 67 434 574 761 80 543 563 927 818 18 144 382
802 879 679 711 346 257 320
888 644 348 936 288 907 396 154 563 390 97 238 325 371 160 239 950 674 363 364 319 475 214 647 473 54 29 624 971 923 61 48 388 157 334 420 576 384 404 403 229 848 658 300 921 838 51 231
519 832 338 930 870 963 37 761 277 282 266 706 132 968 809 686 658 365
99 718 268 972 34 467 635 201 139 112 152
783 108 465 554 243 137 869 40 702 726 640 944 671 432 115 285 820 800 468 609 901
759 707 361 11 779 207 326 956 192 708 16 682 248 360 780 752 977 997 657
449 305 812 681 596 843 225 666 508 832 578 896 222 26 636 623 506 144 680 256 542
278 566 296 473 728 640 791 618 610 853 445 859 741 711 676 748 873 471 444 131 717 906 158 465 802 311 659 539 700 848 4 932 633
963
448 682 108 732 251 559 700 556 837 858 532 669 875 587
51 559 211 199 269 325 125 150 43 784 352 500 433 178 79 794 315 821 827 382 641 372 198 639 685 935 947 678 27 261
859 187 571 532 710 856 422 908 960 281 267 668 425 541 244 367 126 994 338 729 39 830 115 317 534 48 879 995 391 230 448 256 203 939 85 888 207 966 850 855 587 154
413 666 26 752 227 270 817 992 743 506 971 410 499 936 606 523 131 725 567 306 786 607 545 508 816 294 264 581 177 884 984 573 427
762 115 622 300 927 504 936 412 982 879 589 678 987 969 722 918 518 31 892 89 802 615 265 687 282 717 868 655 931 109 724 680
37 314 847 354 743 819 624 201 986 59 90 481 31 634 168 735 191 629 576 523 542 360 992 344 194 726 932 890 758 930 183 416 86 637 385 844 96 138 597 308 651
864 345 136 750 392 295 349 697 357 688 838 538 342 766 211 115 475 312 781 141 401 742 788 633 215 975 606 593 21 282 138 684 734 208 869 556 227 595 26 586 986 423
672 306 529 724 711 744 334 245 651 949 644 629
920 325 161 406 474 345 105 546 976 254 516 6 674 838 879 241 246 908 443 722 998 922 936 535 4 33 795 962 989 727 545 978 268 767 102 623 398 741 82 606 191 997 136
716 179 547 677 975 383 387 557 48 119 294 284 35 887 878 644 770 729 452 484 32 528 641 564 896 500 743 286 664 861 483 722 476 305 304 401 9 638 330 209 170 197 435 446 405 207 80 913
134 382 812 274 16 679 101 516 40 713 356 505 954 76 389 415 9 919 86 779 547 984 317 553 244 964 498 60 756 346 114 723 467 180 462 698 418 221 891 946 3 251 833 0 760 506 392 768
318 81 122 898 439 547 635 145 522 161 801 79 853 884 9 618 546 454 442 389 84 742 712 157 694 172 803 709 86 784 426 182 31 276
29 86 551 178 886 736 248 55 476 559 130 856 717 844 422 501 41 655 372 865 968 445 406 827 308 746 961 650 653 117 9 244 728 151 701
906 704 347 264 286 596 690 164 461 564 900 450 742 657 617 562 544 155 241 670 278 297 967 975 84 645 172 619 815 864 717 206 345 213 56 114 368 714 230 867 698 1 295
264 828 651 544 988 924 649 335 652 933 110 193 981 729 720 781 163 450 11 306 584 513 90 68
291 664 927 518 785 412 906 237 482 857 569 656 869 658 961 155 962 895 616 628 10 301 124 72 303 899
250 895 668 585 120 962 672 804 476 780 808 489
735 380 506 908 827
969 70 883 690 132 126 841 815 942 83 251 932
720 476 9 72 918 594 503 913 299 567 382 78 265 398 199 308 639 649 961 780 271 527 441 645 138
280 285 185 327 449 593 186 512 942 240 429 732 771 432 899 993 834 305 430 900 229 636 85 748 117 106 556 744
529 55 794 544 937 418 815 199 718 38 359 612 343 723 434 970 422 305 433 519 428 71 430 78 52 785 33 996 147 499 85 205 6 233
349
933 357 22 761 742 574 958 149 516 55 8 982 45 607 683 510 553 298 462 768 452 10 908 671 438 367 118 246 957 997 280 65 186 773
467 361 224 78 105 956 588 329 870 304 346 937 660 929 570 656 169 925 49 507 53 287 911 237 481 734 699 765 858 129 559 392 20 991 924 454 545 437 562 471 62 401
336 578 691 758 175 861 135 409 693 708 874 686 947 656 112 534 163 38 14 637 964 576 883 167 191 310 929
795 351 343 339 124 765 29 405 921 628 636 456 947 627 864 346 848 159 805 101
999 94 125 3 559 237 662 284 491 262 68 720 730 538 407 102 613 945 565 223 753 887 751 178 471 652 564 282 805
972 84 866 459 806 741 423 80 104 862 245 656 61 248 559 651 771 960 494 927 593 113 997 31 500 816 774
622 48 106 100 312 506 978 967 422 18 796 398 272 97 744 404 60 679 391 334 562 663 749 910 630 332 420 839 781 911 983 974 399 820 962
627 817 829 120 49 529 728 622 656 674 250 21 109 177 514 859 662 953 851 220 503 586 871 371 903 284 363 708 731 228 606 247 451 10 313 973 832 164 946 786 814 841 36 472
142 804 118 984
227 833 367 408 58 994 765 611 365 361 873
613 640 727 18 370 685 626 269 158 766 977 670 729 903 436 976
870 646 893 357 946 689 383 687 557 654 907 266 784 175 525 13 106 334 516 631 998 130 318 139 225 140 759 161 359 844 574 772 327 667 620 787 619 310 410 924 363 464 494 744 148
744 21 369 679 630 692 111 384 993 414 521 437 363 345 879 810
967 872 45 62 927 633 636 549 945 130 377 630 777 322 929 906 674 963 226 614 764
606 309 709 324 266 460 188 519 837 327 844 254 208 678 843 630 235 577 505 16 342
899
819 617 190 222 676 817 60 268 462 664 113 985 840 225 872 149 26 186 570 435 184 483 227 573 201 945 774 17 613 801 959 297 874 972 173 419 755 393 706 104 22 995
511 585 853 107 452 411 321 844 751 431 105 709 200
474 545 0 847 326 200 21 931 297 215 998 410 707
295 35 709 863 412 512 119 893 869 337 280 912 286 202 112 547 270 174 210 887 441 96 116 647 93 386 746 314 26 792 292 322 722 218 545 106 127 333 795 153 798
989 910 654 368 185
4 169 151 234 755 768 153 890 812 222 341 511 344 783 258 573 643 499 791 368 518 366 58 938 766 631 363 604 381 255 773 846 299 516 600 667 707 994 57 254 699 141 131 278 177 44 210 909 898 706
757 478 686 70 908 648 300 296 396 634 149 42 881 285 942 421 733 883 599 691 266 684 955 230
505 122 404 393 520 536 343 901 696 160 754 562 110 662 420 660 272 38 828 764 758 453 179 968 861 947 426 771 255 58 116 826 366 318 921 432 832
416 11 270 202 749 409 193
831 288 479 52 646 889 274 814 188 420 903 396 96
884 227 789 300 361 920 800 513 573 659 865 746
192 725 159 43 850 122 135 487 303 494 869 425 246
68 315 796 821 325 137 936 95 789 874 823 269 784 355 456 896 764 262 802 575 675 174 322 311
134 259 11 482 76 801 469 229 605 640 269 294 46 925 762 362 498 906 151 350 250 403 509 693 441 26 621 178 524 340 332 886 206 473 855 542 938 843 996 242 923 411 470 920 237 106 4
526 213 805 972 144 889 330 259 902 524 21 215 444
133 578 354 336 909 284 183 630 742 416 207 407 105 178 343 830 484 635 880 863 316 76 983 123 972 753 160 607 54 213 139 905 623 612 642 511 265 691 862 716 546 292 599 952
802
668 929 514 129 687 120 396 980 300 915 433 435 704 122 689 955 351 640 603 951 989 166 482 488 761 228 51 942 509 31 288 633 881 278 527 39
162 312 944 603 35 16 918 943 39 733 151 239 402 365 58 642 211 617 126 669 875 512 779 906 523 495 689 427 434 828 12 107 432 304 702 255 27 685 925 859
662 962 856 137 427 400 255 841 143 108 40 70 175 734 286 128 988 64 973 407 781 546 745 733 441 933 428 412 650 932 7 481 637 602 282 777
723 966 295
600 953 468 391 665 910 335 719 481 627 698 635 287 801 682 782 439 290 680 312 64 524 62
186 85 755 562 280 65 180 286 638 962 24 698 829
656 647 438 672 961 126 26 55 775 998 683 225 441 818 325 777 701 834 268 476 729 779 558 803 572 358 334 308
515 418 831 572 84 283 354 334 670 708 927 489 966 923 815 525 148 399 762 611 949 935 236 665 991 816 264 592 969 892 59 894 913 29 529 451 111 890 957 54 558 368 921 112 71 287 159 821
748 976 654 844 116 90 364 61 768 963 572 854 562 39 965 277 736 983 150 497 597 784 613 850 678 74 392 869 700 973 181 51 813 73
353 2 9 565 145 536 321 350 311 922 524 86 176 74 20 294 905 148 994 844 0 664 556 880 899 764 93 805 437 406 829 645 541 568 938 382 36 886 1 871 558 634 442 412 208
371 680 376 84 498 291 466 716 777 836 760 327 985 401 38 710 343 235 438 175 382 172 461 151 860 765 861 58 982 224 928 626 997 584
803 999 918 200 818 38 176 444 23 433 656 420 578 979 860 497 458 320 124 178 113 13 596 672 998 401 932 736 491 102 80
494 896 561 168 508 281 792 478 769 636 128 30
